Beta for Top Of The World CZ (Rio_TI)

//---------------pump-single - ----------------
#NOTEDATA:;
#CHARTNAME:;
#STEPSTYPE:pump-single;
#DESCRIPTION:;
#CHARTSTYLE:;
#DIFFICULTY:Challenge;
#METER:16;
#RADARVALUES:0.656725,0.762962,0.244220,0.761390,0.585409,640.000000,605.000000,34.000000,106.000000,0.000000,1.000000,0.000000,0.000000,0.000000,0.656725,0.762962,0.244220,0.761390,0.585409,640.000000,605.000000,34.000000,106.000000,0.000000,1.000000,0.000000,0.000000,0.000000;
#CREDIT:Keint;
#OFFSET:-0.902000;
#BPMS:0.000000=62.499996
,16.500000=31.249998
,17.000000=124.999992
,21.000000=249.999985
,25.000000=124.999992
,54.000000=62.499996
,54.500000=124.999992
,55.500000=62.499996
,56.000000=124.999992
,68.000000=249.999985
,68.250000=124.999992
,69.250000=249.999985
,69.500000=124.999992
,71.000000=249.999985
,72.000000=124.999992
,92.000000=249.999985
,96.000000=124.999992
,256.000000=62.499996
;
#STOPS:21.000000=0.060000
,21.250000=0.060000
,21.500000=0.060000
,21.750000=0.060000
,22.000000=0.060000
,22.250000=0.060000
,22.500000=0.060000
,22.750000=0.060000
,23.000000=0.060000
,23.250000=0.060000
,23.500000=0.060000
,23.750000=0.060000
,24.000000=0.060000
,24.250000=0.060000
,24.500000=0.060000
,24.750000=0.060000
,68.000000=0.060000
,69.250000=0.060000
,71.000000=0.060000
,71.250000=0.060000
,71.500000=0.060000
,71.750000=0.060000
,92.000000=0.060000
,92.250000=0.060000
,92.500000=0.060000
,92.750000=0.060000
,93.000000=0.060000
,93.250000=0.060000
,93.500000=0.060000
,93.750000=0.060000
,94.000000=0.060000
,94.250000=0.060000
,94.500000=0.060000
,94.750000=0.060000
,95.000000=0.060000
,95.250000=0.060000
,95.500000=0.060000
,95.750000=0.060000
,160.000000=1.680000
,224.500000=1.680000
;
#DELAYS:;
#WARPS:;
#TIMESIGNATURES:0.000000=4=4
;
#TICKCOUNTS:0.000000=4
;
#COMBOS:0.000000=1
;
#SPEEDS:0.000000=1.000000=0.000000=0
;
#SCROLLS:0.000000=1.000000
;
#FAKES:;
#LABELS:0.000000=Song Start
;
#NOTES:
10000
01000
00100
00010
01000
00100
20200
00000
30300
00010
00202
00000
00303
01000
20200
30300
,
00010
01000
00001
00010
00100
01000
00220
00330
10000
00010
00202
00303
00001
10000
02200
03300
,
01000
00010
00100
00001
00010
00100
02000
00000
03002
00000
20003
00000
30002
00000
02003
00000
,
03010
01000
00100
10000
01000
00100
00020
00000
02030
00000
03200
00000
20300
00000
30002
00000
,
20003
30000
10000
00001
00010
00001
10000
01000
,
10000
00000
01000
00000
10000
00100
01000
00100
10000
00010
00100
00001
00010
00100
01000
00010
,
00100
00001
01000
00010
00100
00000
00001
00000
01100
00000
00010
00000
10001
00000
00010
00000
,
02200
00000
03300
00000
00010
00000
10100
00000
00010
00000
00202
00303
00010
00000
00100
01000
,
02020
00000
03030
00000
00010
00100
00001
00010
00100
00000
01000
00000
00001
00000
00010
00000
,
00001
00010
00100
01000
01100
00010
10000
00110
,
01000
00010
10000
01000
10000
01000
00100
00010
,
01000
00000
00010
00100
00010
00000
01000
00000
00100
00000
10000
00000
00100
00000
01000
00000
,
00010
00000
01000
00000
00010
00100
00010
00000
02000
00000
00000
03000
00001
00000
00100
00000
,
00010
00000
00000
00000
01000
00000
00000
00000
00100
00000
00000
00000
01000
00000
00000
00000
02200
00000
00000
03300
02200
00000
00000
00000
00000
00000
00000
00000
03300
02200
00000
00000
,
03300
00000
00010
00100
00010
00000
00000
00000
20000
00000
32000
00000
03200
00000
00000
00000
,
00310
00000
01000
00000
01100
00000
00000
00000
00001
00000
01000
00100
01000
00000
00010
00000
,
10000
00000
01000
00000
10000
00000
00010
00000
01000
00000
01000
00010
01000
00000
00001
00010
,
00100
01000
00010
00100
00001
20000
00000
00000
30020
00000
00030
00000
10000
01000
00100
00010
,
02000
00000
00000
03000
00002
00000
00000
00003
00020
00000
00000
00030
00200
00000
02300
00000
,
03002
00000
00023
00000
00031
00000
01000
00100
10000
00000
01000
00000
00100
00010
01000
00000
,
00002
00000
00000
00000
00023
00000
00000
00000
00230
00000
00000
00300
02000
00000
00000
03000
,
00020
00000
00000
00030
00200
00000
02300
00000
23000
00000
30020
00030
00200
00300
00002
00003
,
02000
03010
10000
10000
00010
00010
01000
00010
,
01000
00100
10000
00001
00010
00100
01000
00010
00001
00100
10000
01000
00100
00010
01000
00100
,
10000
00000
00010
00100
00001
00000
02000
00000
03002
00000
00003
00010
00100
00000
01000
00010
,
01000
00000
00001
00100
00010
01000
00100
10000
,
00200
00000
00000
00000
00000
00300
02000
00000
03020
00000
00030
00000
20000
00000
30002
00000
,
00003
10000
00100
00001
00100
10000
00001
01000
,
00010
01000
00001
00010
00100
01000
00100
10000
,
01000
00000
00100
00000
00010
00000
01000
00100
20000
00000
30000
01000
00200
00000
00000
00300
,
00020
00000
00000
00030
02000
00000
03000
00100
00020
00000
00000
00030
00002
00000
00003
00010
,
00100
00000
01000
00000
00001
00100
00010
00100
00001
00000
01000
00000
00220
00000
00330
00000
,
10000
00100
10000
01000
00100
00010
01000
00100
01000
00100
00010
00001
01000
00100
01000
00100
,
00010
00001
01000
00100
10000
00000
00010
00000
01000
00000
00100
00000
01000
00100
10000
00000
,
00001
00100
00001
00010
00100
01000
00010
00100
00010
00100
01000
10000
00010
00100
00010
00100
,
01000
10000
00010
00100
00001
00000
01000
00100
10000
00000
00010
00000
01000
00000
00010
00000
,
01000
00100
10000
00100
01000
00010
00100
00001
10000
00001
00100
00010
01000
00100
00010
00001
,
02000
03002
20003
30010
00100
00002
00023
00230
,
02300
03020
00032
00203
20300
32000
03200
00310
,
02020
00000
00000
03030
,
00000
00000
01000
00100
01000
00100
01000
00100
01000
00100
01000
00100
10000
01000
00100
00010
,
01000
00100
00010
00001
00010
00100
01000
00010
00100
01000
10000
01000
00100
00010
01000
00100
,
01000
00100
01000
00100
01000
00100
01000
00100
10000
00010
00100
00001
00010
00100
01000
00010
,
00100
01000
10000
01000
00100
00010
00100
00010
00100
00010
00100
00010
00100
00010
00100
00010
,
01000
00100
10000
00000
00100
00000
10000
00000
00000
00000
00001
00000
00100
00000
00010
00000
,
00000
00000
01010
00000
00000
00000
01000
00100
01000
00100
01000
00010
00000
00000
01000
00000
,
01100
00000
00010
00000
00110
00000
01000
00000
01100
00000
00010
00000
00110
00000
01000
00100
,
10000
00100
10000
01000
00100
00010
01000
00100
10000
01000
00100
00010
00100
00001
01000
00010
,
01000
01110
00000
20100
00000
00100
00000
00100
,
00100
30002
00000
00100
00000
00100
00000
00100
,
00100
02003
00000
00100
00000
00100
00000
03100
,
00000
01010
00000
01000
00100
10000
00010
01000
,
00100
10000
00010
00100
00001
00010
00100
01000
,
00010
00000
01000
00100
01000
00000
00001
00000
10000
00000
00010
00100
00010
00000
01000
00000
,
00010
00000
01000
00100
10000
00000
00010
00100
00010
00000
10000
00100
10000
00000
00010
00100
,
00010
00000
10000
00100
20000
00000
00000
00000
00000
00000
00000
00000
00000
00000
00000
00000
,
30000
00000
00000
00000
00010
00100
00001
00100
00010
00100
00001
00100
00010
00100
00001
00000
,
01000
00010
01000
00100
10000
00010
00100
00001
,
01000
00000
00010
00000
01000
00100
10000
00100
01000
00100
10000
00100
01000
00100
10000
00000
,
00010
00000
00000
00000
02000
00000
03010
00000
00100
00000
00000
00000
01000
00100
01000
00100
,
02000
00000
03000
00000
01010
00000
00001
00100
00010
00100
00001
00100
00010
00100
00001
00100
,
00010
01000
00220
00330
20200
30300
00220
00330
,
01000
00000
00010
00000
10000
00100
01000
00100
10000
00100
01000
00100
10000
01000
00100
00010
,
01000
00000
01100
00000
02020
00000
00000
03030
00100
00000
01000
00100
01000
00000
00100
00000
,
02000
00000
00020
03030
00000
00000
00000
00000
;
